-1000 
-1000 
-1052.2 
-589.0 
0.20000000000000284 
0.3999999999999915 
0.4000000000000057 
0.7999999999999972 
1.5999999999999943 
2.0 
1.8000000000000114 
-125.4 
-1000 
-102.6 
-1000 
-76.6 
-1000 
-1000 
-1000 
-1000 
-1000 
-1000 
-1000 
-1000 
-1000 
-1000 
-1000 
-1000 
-1000 
-1000 
-1000 
25.600000000000023 
9.399999999999977 
3.6000000000000227 
24.0 
53.19999999999999 
59.0 
101.0 
118.39999999999998 
153.39999999999998 
114.0 
94.20000000000005 
227.20000000000005 
210.0 
152.20000000000005 
162.39999999999986 
164.4000000000001 
-12.600000000000136 
-12.0 
-10.799999999999955 
-11.599999999999909 
-9.400000000000091 
-8.0 
-7.7999999999999545 
-6.2000000000000455 
-5.2000000000000455 
-6.199999999999818 
-4.600000000000136 
-3.7999999999999545 
-3.7999999999999545 
-3.2000000000000455 
-2.599999999999909 
-2.6000000000001364 
-2.2000000000000455 
-2.199999999999818 
-1.400000000000091 
-0.20000000000004547 
0.6000000000001364 
1.0 
2.0 
2.7999999999999545 
2.3999999999998636 
2.800000000000182 
2.7999999999999545 
4.0 
4.2000000000000455 
5.0 
6.0 
6.399999999999864 
7.2000000000000455 
8.599999999999909 
9.0 
9.600000000000136 
11.599999999999909 
12.400000000000091 
11.399999999999864 
13.400000000000091 
12.599999999999909 
12.800000000000182 
13.0 
13.799999999999955 
14.600000000000136 
15.0 
17.199999999999818 
21.199999999999818 
22.600000000000364 
23.799999999999727 
26.800000000000182 
24.59999999999991 
23.800000000000182 
26.59999999999991 
24.799999999999727 
27.200000000000273 
28.799999999999727 
31.200000000000273 
34.40000000000009 
34.0 
36.0 
37.59999999999991 
-40.80000000000018 
-50.40000000000009 
-90.59999999999991 
48.40000000000009 
37.19999999999982 
96.0 
93.60000000000036 
63.59999999999991 
-85.20000000000027 
-78.79999999999973 
-37.20000000000027 
-38.79999999999973 
22.40000000000009 
14.599999999999909 
6.0 
-28.59999999999991 
-30.200000000000273 
-28.0 
-25.199999999999818 
-23.40000000000009 
-23.59999999999991 
-20.59999999999991 
-21.200000000000273 
-17.59999999999991 
-15.800000000000182 
-15.799999999999727 
-15.200000000000273 
-16.0 
-18.0 
-15.599999999999909 
-14.199999999999818 
-14.599999999999909 
-10.600000000000364 
-8.799999999999727 
-9.599999999999909 
-8.800000000000182 
-7.800000000000182 
-8.0 
-7.399999999999636 
-6.200000000000273 
-5.400000000000091 
-4.399999999999636 
-4.600000000000136 
-3.400000000000091 
-3.2000000000000455 
