-1000 
-1000 
-1000 
0.0 
0.3500000000000085 
0.5499999999999972 
0.3499999999999943 
0.25 
0.45000000000000284 
1.5499999999999972 
1.3000000000000114 
1.6999999999999886 
-125.1 
-1000 
-1000 
-1000 
-50.6 
-1000 
-1000 
-1000 
-1000 
-1000 
-1000 
-1000 
-1000 
-1000 
-1000 
-1000 
-1000 
-1000 
-1000 
-1000 
85.0 
-9.300000000000068 
-0.14999999999997726 
22.649999999999977 
3.0 
42.200000000000045 
40.89999999999998 
118.0 
96.39999999999998 
-62.64999999999998 
-896.0 
-1000 
-178.10000000000002 
-179.0 
87.69999999999999 
-354.05 
-1000 
-371.0 
-1000 
-1000 
-144.55 
-1000 
-481.85 
-1000 
-1000 
-118.04999999999995 
-197.60000000000002 
-5.949999999999989 
-261.2 
-1000 
-1000 
4.900000000000006 
4.449999999999989 
-163.5 
-1000 
-1000 
-6.450000000000017 
-5.599999999999994 
-199.0 
-1000 
-0.35000000000002274 
-3.5999999999999943 
-3.5999999999999943 
-4.900000000000006 
-4.199999999999989 
-4.849999999999994 
-1.3500000000000227 
-1.549999999999983 
-0.05000000000001137 
-1.4000000000000057 
-1.0 
-0.8999999999999773 
-0.700000000000017 
-0.799999999999983 
-0.25 
-0.25 
-0.10000000000002274 
-0.25 
-0.19999999999998863 
-0.05000000000001137 
0.0 
-0.04999999999998295 
0.15000000000000568 
0.5 
0.09999999999999432 
-2.700000000000017 
-2.6499999999999773 
1.0 
0.9499999999999886 
1.4499999999999886 
4.900000000000006 
5.700000000000017 
-2.450000000000017 
4.400000000000006 
-7.949999999999989 
1.3999999999999773 
-9.25 
-6.649999999999977 
-11.950000000000017 
0.3499999999999943 
-9.599999999999994 
0.3499999999999943 
14.350000000000023 
12.299999999999983 
11.550000000000011 
-2.1500000000000057 
-1.5999999999999943 
-13.650000000000006 
1.3000000000000114 
-13.5 
-193.8 
-1000 
42.19999999999999 
28.099999999999994 
94.29999999999998 
-322.65 
-1000 
-1000 
-42.150000000000034 
-244.2 
-1000 
-1000 
-1000 
-195.05 
-1000 
-1000 
-1000 
-188.65 
-1000 
-1000 
3.950000000000017 
-7.5 
-191.8 
-1000 
-1.6500000000000057 
1.3500000000000227 
-83.15 
2.299999999999983 
-137.7 
-1000 
-1.0499999999999972 
-0.8499999999999943 
4.099999999999994 
-113.5 
-1000 
1.0999999999999943 
0.9499999999999886 
-3.799999999999983 
-0.15000000000000568 
-3.25 
-0.5500000000000114 
-0.29999999999998295 
1.799999999999983 
-2.6999999999999886 
7.150000000000006 
6.649999999999977 
6.5 
4.25 
6.350000000000023 
-0.9000000000000057 
-0.30000000000001137 
-0.04999999999998295 
0.25 
0.29999999999998295 
0.25 
0.20000000000001705 
0.09999999999999432 
0.09999999999999432 
-0.05000000000001137 
0.05000000000001137 
0.15000000000000568 
0.09999999999999432 
0.25 
0.30000000000001137 
0.29999999999998295 
0.30000000000001137 
0.5 
0.44999999999998863 
0.5 
0.5500000000000114 
0.6999999999999886 
-8.699999999999989 
-7.599999999999994 
-6.800000000000011 
-7.650000000000006 
-7.699999999999989 
2.049999999999983 
0.5 
-0.19999999999998863 
0.75 
0.44999999999998863 
0.15000000000000568 
0.8499999999999943 
0.5 
0.35000000000002274 
0.549999999999983 
0.5 
-0.04999999999998295 
0.549999999999983 
0.5999999999999943 
0.700000000000017 
0.19999999999998863 
0.5500000000000114 
-1.3499999999999943 
-1.3000000000000114 
0.3499999999999943 
1.0999999999999943 
1.1000000000000227 
6.449999999999989 
6.400000000000006 
6.400000000000006 
-1.4000000000000057 
6.049999999999983 
2.3500000000000227 
2.3999999999999773 
-0.25 
7.850000000000023 
0.799999999999983 
-183.35 
-1000 
1.8000000000000114 
1.3499999999999943 
1.0999999999999943 
-151.7 
-1000 
1.6000000000000227 
-1.4000000000000057 
-151.9 
-1000 
-1000 
47.85000000000002 
57.29999999999998 
-254.85 
-1000 
26.149999999999977 
-24.75 
-35.44999999999999 
-30.80000000000001 
1.8500000000000227 
1.3500000000000227 
2.4499999999999886 
3.75 
0.6999999999999886 
1.0 
-1.4499999999999886 
-2.3500000000000227 
-0.05000000000001137 
14.0 
44.200000000000045 
41.69999999999999 
59.80000000000001 
393.25 
43.14999999999998 
-4.0499999999999545 
-4.100000000000023 
-38.10000000000002 
-354.3 
-51.94999999999999 
-16.30000000000001 
-38.5 
-5.949999999999989 
-29.80000000000001 
3.5 
-15.149999999999977 
-0.1500000000000341 
-16.44999999999999 
-0.25 
17.150000000000034 
-9.600000000000023 
-0.5 
2.25 
-8.600000000000023 
-23.75 
2.7000000000000455 
-317.85 
-1000 
-1000 
-7.699999999999989 
-179.8 
-1000 
-1000 
-1000 
-256.55 
-1000 
-1000 
-1000 
-120.3 
-1000 
-1000 
-1000 
-1000 
-552.4 
-1000 
27.5 
10.100000000000023 
-61.75 
160.60000000000002 
-20.0 
-58.60000000000002 
-49.25 
-24.75 
-179.5 
-55.19999999999999 
-16.099999999999966 
3.0 
1.3999999999999773 
-2.6000000000000227 
18.75 
108.25 
106.39999999999998 
100.70000000000005 
99.64999999999998 
76.80000000000007 
-17.350000000000023 
-21.600000000000023 
-21.399999999999977 
-16.950000000000045 
-23.949999999999932 
-21.40000000000009 
-19.649999999999977 
-17.449999999999932 
-14.850000000000023 
-6.5 
-3.8999999999999773 
-5.0 
1.599999999999909 
0.3000000000000682 
-3.300000000000068 
-6.649999999999977 
57.30000000000007 
-13.800000000000068 
-10.75 
78.89999999999998 
86.85000000000002 
19.700000000000045 
90.14999999999998 
0.5499999999999545 
-1051.3 
-1000 
-1000 
-1000 
-1000 
-1000 
-1000 
-1000 
-1000 
-1000 
